

0 0 0 0 0 0 0 0 0 0 
0 0 0 0 0 0 0 0 0 0 
0 0 0 0 0 0 0 0 0 0 
1 0 0 0 0 0 0 0 1 0 
0 0 1 0 0 0 0 0 0 0 
0 0 0 0 0 0 0 0 0 0 
0 0 0 0 0 1 0 0 0 0 
0 0 0 0 0 1 0 0 0 0 
0 0 0 0 0 0 0 0 0 0 
0 0 0 0 0 0 0 0 0 0 


0 0 0 0 0 0 0 0 0 0 
0 0 0 0 0 0 0 0 0 0 
0 0 0 0 0 0 0 1 0 1 
1 1 0 1 0 0 0 0 1 0 
0 1 1 0 0 0 0 0 1 1 
0 1 1 0 0 1 0 0 0 0 
0 0 0 0 1 1 1 0 0 0 
0 0 0 0 0 1 0 0 0 0 
0 0 0 0 0 0 0 0 0 0 
0 0 0 0 0 0 0 0 0 0 


0 0 0 0 0 0 0 0 0 0 
0 0 0 0 0 0 0 1 1 1 
0 0 1 1 0 0 0 1 0 1 
1 1 1 1 1 0 0 1 1 1 
1 1 1 1 1 1 1 0 1 1 
1 1 1 1 1 1 1 1 0 1 
0 1 1 1 1 1 1 1 0 0 
0 0 0 1 1 1 0 1 0 0 
0 0 0 0 0 1 1 0 0 0 
0 0 0 0 0 0 0 0 0 0 


0 0 0 0 0 0 0 1 1 1 
0 1 0 0 1 0 1 1 1 1 
0 1 1 1 1 0 1 1 1 1 
* 1 1 1 1 0 1 1 0 1 
1 1 * 1 1 1 1 1 1 1 
1 1 1 1 1 1 1 1 1 1 
1 1 1 1 1 0 1 1 1 1 
1 1 1 1 1 0 1 1 1 0 
0 0 0 1 1 1 1 1 1 0 
0 0 0 0 1 1 1 0 0 0 


0 0 0 1 1 1 1 1 1 1 
1 1 1 1 1 1 1 1 1 1 
1 1 1 1 1 1 1 0 1 * 
* * 1 0 1 1 1 1 0 1 
1 * * 1 1 1 1 1 0 * 
1 * 0 1 1 0 1 1 1 1 
1 1 1 1 0 0 0 1 1 1 
1 1 1 1 1 0 1 1 1 1 
0 0 1 1 1 1 1 1 1 1 
0 0 1 1 1 1 1 1 1 1 


1 1 0 1 1 1 1 1 1 1 
1 1 1 1 1 1 1 0 0 0 
1 1 0 * 1 1 1 0 1 * 
* * 0 0 * 1 1 * 0 0 
* * * 0 0 0 0 1 0 * 
0 * 0 0 0 0 0 0 1 0 
1 * 0 * 0 0 0 0 1 1 
1 1 1 * 0 0 1 * 1 1 
1 1 1 1 1 * * 1 1 1 
0 1 1 1 1 1 1 1 1 1 


1 1 1 1 1 1 1 0 0 0 
1 0 1 1 0 1 * 0 0 0 
1 * 0 * 0 1 0 0 0 * 
* * 0 0 * 1 0 * 0 0 
* * * 0 0 0 0 * 0 * 
0 * 0 0 0 0 0 0 0 0 
* * 0 * 0 0 0 0 * 0 
* 0 0 * 0 0 0 * 0 1 
1 1 1 0 0 * * 0 0 1 
1 1 1 1 0 0 * 1 1 1 


1 1 1 0 0 0 0 0 0 0 
0 0 0 0 0 0 * 0 0 0 
0 * 0 * 0 * 0 0 0 * 
* * 0 0 * * 0 * 0 0 
* * * 0 0 0 0 * 0 * 
0 * 0 0 0 0 0 0 0 0 
* * 0 * 0 0 0 0 * 0 
* 0 0 * 0 0 0 * 0 0 
1 1 0 0 0 * * 0 0 0 
1 1 0 * 0 0 * 0 * * 


0 0 1 0 0 0 0 0 0 0 
0 0 0 0 0 0 * 0 0 0 
0 * 0 * 0 * 0 0 0 * 
* * 0 0 * * 0 * 0 0 
* * * 0 0 0 0 * 0 * 
0 * 0 0 0 0 0 0 0 0 
* * 0 * 0 0 0 0 * 0 
* 0 0 * 0 0 0 * 0 0 
0 0 0 0 0 * * 0 0 0 
1 0 0 * 0 0 * 0 * * 


0 0 0 0 0 0 0 0 0 0 
0 0 0 0 0 0 * 0 0 0 
0 * 0 * 0 * 0 0 0 * 
* * 0 0 * * 0 * 0 0 
* * * 0 0 0 0 * 0 * 
0 * 0 0 0 0 0 0 0 0 
* * 0 * 0 0 0 0 * 0 
* 0 0 * 0 0 0 * 0 0 
0 0 0 0 0 * * 0 0 0 
0 0 0 * 0 0 * 0 * * 


0 0 0 0 0 0 0 0 0 0 
0 0 0 0 0 0 * 0 0 0 
0 * 0 * 0 * 0 0 0 * 
* * 0 0 * * 0 * 0 0 
* * * 0 0 0 0 * 0 * 
0 * 0 0 0 0 0 0 0 0 
* * 0 * 0 0 0 0 * 0 
* 0 0 * 0 0 0 * 0 0 
0 0 0 0 0 * * 0 0 0 
0 0 0 * 0 0 * 0 * * 


0 0 0 0 0 0 0 0 0 0 
0 0 0 0 0 0 * 0 0 0 
0 * 0 * 0 * 0 0 0 * 
* * 0 0 * * 0 * 0 0 
* * * 0 0 0 0 * 0 * 
0 * 0 0 0 0 0 0 0 0 
* * 0 * 0 0 0 0 * 0 
* 0 0 * 0 0 0 * 0 0 
0 0 0 0 0 * * 0 0 0 
0 0 0 * 0 0 * 0 * * 


0 0 0 0 0 0 0 0 0 0 
0 0 0 0 0 0 * 0 0 0 
0 * 0 * 0 * 0 0 0 * 
* * 0 0 * * 0 * 0 0 
* * * 0 0 0 0 * 0 * 
0 * 0 0 0 0 0 0 0 0 
* * 0 * 0 0 0 0 * 0 
* 0 0 * 0 0 0 * 0 0 
0 0 0 0 0 * * 0 0 0 
0 0 0 * 0 0 * 0 * * 


0 0 0 0 0 0 0 0 0 0 
0 0 0 0 0 0 * 0 0 0 
0 * 0 * 0 * 0 0 0 * 
* * 0 0 * * 0 * 0 0 
* * * 0 0 0 0 * 0 * 
0 * 0 0 0 0 0 0 0 0 
* * 0 * 0 0 0 0 * 0 
* 0 0 * 0 0 0 * 0 0 
0 0 0 0 0 * * 0 0 0 
0 0 0 * 0 0 * 0 * * 


0 0 0 0 0 0 0 0 0 0 
0 0 0 0 0 0 * 0 0 0 
0 * 0 * 0 * 0 0 0 * 
* * 0 0 * * 0 * 0 0 
* * * 0 0 0 0 * 0 * 
0 * 0 0 0 0 0 0 0 0 
* * 0 * 0 0 0 0 * 0 
* 0 0 * 0 0 0 * 0 0 
0 0 0 0 0 * * 0 0 0 
0 0 0 * 0 0 * 0 * * 


0 0 0 0 0 0 0 0 0 0 
0 0 0 0 0 0 * 0 0 0 
0 * 0 * 0 * 0 0 0 * 
* * 0 0 * * 0 * 0 0 
* * * 0 0 0 0 * 0 * 
0 * 0 0 0 0 0 0 0 0 
* * 0 * 0 0 0 0 * 0 
* 0 0 * 0 0 0 * 0 0 
0 0 0 0 0 * * 0 0 0 
0 0 0 * 0 0 * 0 * * 


0 0 0 0 0 0 0 0 0 0 
0 0 0 0 0 0 * 0 0 0 
0 * 0 * 0 * 0 0 0 * 
* * 0 0 * * 0 * 0 0 
* * * 0 0 0 0 * 0 * 
0 * 0 0 0 0 0 0 0 0 
* * 0 * 0 0 0 0 * 0 
* 0 0 * 0 0 0 * 0 0 
0 0 0 0 0 * * 0 0 0 
0 0 0 * 0 0 * 0 * * 


0 0 0 0 0 0 0 0 0 0 
0 0 0 0 0 0 * 0 0 0 
0 * 0 * 0 * 0 0 0 * 
* * 0 0 * * 0 * 0 0 
* * * 0 0 0 0 * 0 * 
0 * 0 0 0 0 0 0 0 0 
* * 0 * 0 0 0 0 * 0 
* 0 0 * 0 0 0 * 0 0 
0 0 0 0 0 * * 0 0 0 
0 0 0 * 0 0 * 0 * * 


0 0 0 0 0 0 0 0 0 0 
0 0 0 0 0 0 * 0 0 0 
0 * 0 * 0 * 0 0 0 * 
* * 0 0 * * 0 * 0 0 
* * * 0 0 0 0 * 0 * 
0 * 0 0 0 0 0 0 0 0 
* * 0 * 0 0 0 0 * 0 
* 0 0 * 0 0 0 * 0 0 
0 0 0 0 0 * * 0 0 0 
0 0 0 * 0 0 * 0 * * 


0 0 0 0 0 0 0 0 0 0 
0 0 0 0 0 0 * 0 0 0 
0 * 0 * 0 * 0 0 0 * 
* * 0 0 * * 0 * 0 0 
* * * 0 0 0 0 * 0 * 
0 * 0 0 0 0 0 0 0 0 
* * 0 * 0 0 0 0 * 0 
* 0 0 * 0 0 0 * 0 0 
0 0 0 0 0 * * 0 0 0 
0 0 0 * 0 0 * 0 * * 


0 0 0 0 0 0 0 0 0 0 
0 0 0 0 0 0 * 0 0 0 
0 * 0 * 0 * 0 0 0 * 
* * 0 0 * * 0 * 0 0 
* * * 0 0 0 0 * 0 * 
0 * 0 0 0 0 0 0 0 0 
* * 0 * 0 0 0 0 * 0 
* 0 0 * 0 0 0 * 0 0 
0 0 0 0 0 * * 0 0 0 
0 0 0 * 0 0 * 0 * * 


0 0 0 0 0 0 0 0 0 0 
0 0 0 0 0 0 * 0 0 0 
0 * 0 * 0 * 0 0 0 * 
* * 0 0 * * 0 * 0 0 
* * * 0 0 0 0 * 0 * 
0 * 0 0 0 0 0 0 0 0 
* * 0 * 0 0 0 0 * 0 
* 0 0 * 0 0 0 * 0 0 
0 0 0 0 0 * * 0 0 0 
0 0 0 * 0 0 * 0 * * 


0 0 0 0 0 0 0 0 0 0 
0 0 0 0 0 0 * 0 0 0 
0 * 0 * 0 * 0 0 0 * 
* * 0 0 * * 0 * 0 0 
* * * 0 0 0 0 * 0 * 
0 * 0 0 0 0 0 0 0 0 
* * 0 * 0 0 0 0 * 0 
* 0 0 * 0 0 0 * 0 0 
0 0 0 0 0 * * 0 0 0 
0 0 0 * 0 0 * 0 * * 


0 0 0 0 0 0 0 0 0 0 
0 0 0 0 0 0 * 0 0 0 
0 * 0 * 0 * 0 0 0 * 
* * 0 0 * * 0 * 0 0 
* * * 0 0 0 0 * 0 * 
0 * 0 0 0 0 0 0 0 0 
* * 0 * 0 0 0 0 * 0 
* 0 0 * 0 0 0 * 0 0 
0 0 0 0 0 * * 0 0 0 
0 0 0 * 0 0 * 0 * * 


0 0 0 0 0 0 0 0 0 0 
0 0 0 0 0 0 * 0 0 0 
0 * 0 * 0 * 0 0 0 * 
* * 0 0 * * 0 * 0 0 
* * * 0 0 0 0 * 0 * 
0 * 0 0 0 0 0 0 0 0 
* * 0 * 0 0 0 0 * 0 
* 0 0 * 0 0 0 * 0 0 
0 0 0 0 0 * * 0 0 0 
0 0 0 * 0 0 * 0 * * 


0 0 0 0 0 0 0 0 0 0 
0 0 0 0 0 0 * 0 0 0 
0 * 0 * 0 * 0 0 0 * 
* * 0 0 * * 0 * 0 0 
* * * 0 0 0 0 * 0 * 
0 * 0 0 0 0 0 0 0 0 
* * 0 * 0 0 0 0 * 0 
* 0 0 * 0 0 0 * 0 0 
0 0 0 0 0 * * 0 0 0 
0 0 0 * 0 0 * 0 * * 


0 0 0 0 0 0 0 0 0 0 
0 0 0 0 0 0 * 0 0 0 
0 * 0 * 0 * 0 0 0 * 
* * 0 0 * * 0 * 0 0 
* * * 0 0 0 0 * 0 * 
0 * 0 0 0 0 0 0 0 0 
* * 0 * 0 0 0 0 * 0 
* 0 0 * 0 0 0 * 0 0 
0 0 0 0 0 * * 0 0 0 
0 0 0 * 0 0 * 0 * * 


0 0 0 0 0 0 0 0 0 0 
0 0 0 0 0 0 * 0 0 0 
0 * 0 * 0 * 0 0 0 * 
* * 0 0 * * 0 * 0 0 
* * * 0 0 0 0 * 0 * 
0 * 0 0 0 0 0 0 0 0 
* * 0 * 0 0 0 0 * 0 
* 0 0 * 0 0 0 * 0 0 
0 0 0 0 0 * * 0 0 0 
0 0 0 * 0 0 * 0 * * 


0 0 0 0 0 0 0 0 0 0 
0 0 0 0 0 0 * 0 0 0 
0 * 0 * 0 * 0 0 0 * 
* * 0 0 * * 0 * 0 0 
* * * 0 0 0 0 * 0 * 
0 * 0 0 0 0 0 0 0 0 
* * 0 * 0 0 0 0 * 0 
* 0 0 * 0 0 0 * 0 0 
0 0 0 0 0 * * 0 0 0 
0 0 0 * 0 0 * 0 * * 


0 0 0 0 0 0 0 0 0 0 
0 0 0 0 0 0 * 0 0 0 
0 * 0 * 0 * 0 0 0 * 
* * 0 0 * * 0 * 0 0 
* * * 0 0 0 0 * 0 * 
0 * 0 0 0 0 0 0 0 0 
* * 0 * 0 0 0 0 * 0 
* 0 0 * 0 0 0 * 0 0 
0 0 0 0 0 * * 0 0 0 
0 0 0 * 0 0 * 0 * * 


0 0 0 0 0 0 0 0 0 0 
0 0 0 0 0 0 * 0 0 0 
0 * 0 * 0 * 0 0 0 * 
* * 0 0 * * 0 * 0 0 
* * * 0 0 0 0 * 0 * 
0 * 0 0 0 0 0 0 0 0 
* * 0 * 0 0 0 0 * 0 
* 0 0 * 0 0 0 * 0 0 
0 0 0 0 0 * * 0 0 0 
0 0 0 * 0 0 * 0 * * 


0 0 0 0 0 0 0 0 0 0 
0 0 0 0 0 0 * 0 0 0 
0 * 0 * 0 * 0 0 0 * 
* * 0 0 * * 0 * 0 0 
* * * 0 0 0 0 * 0 * 
0 * 0 0 0 0 0 0 0 0 
* * 0 * 0 0 0 0 * 0 
* 0 0 * 0 0 0 * 0 0 
0 0 0 0 0 * * 0 0 0 
0 0 0 * 0 0 * 0 * * 


0 0 0 0 0 0 0 0 0 0 
0 0 0 0 0 0 * 0 0 0 
0 * 0 * 0 * 0 0 0 * 
* * 0 0 * * 0 * 0 0 
* * * 0 0 0 0 * 0 * 
0 * 0 0 0 0 0 0 0 0 
* * 0 * 0 0 0 0 * 0 
* 0 0 * 0 0 0 * 0 0 
0 0 0 0 0 * * 0 0 0 
0 0 0 * 0 0 * 0 * * 


0 0 0 0 0 0 0 0 0 0 
0 0 0 0 0 0 * 0 0 0 
0 * 0 * 0 * 0 0 0 * 
* * 0 0 * * 0 * 0 0 
* * * 0 0 0 0 * 0 * 
0 * 0 0 0 0 0 0 0 0 
* * 0 * 0 0 0 0 * 0 
* 0 0 * 0 0 0 * 0 0 
0 0 0 0 0 * * 0 0 0 
0 0 0 * 0 0 * 0 * * 


0 0 0 0 0 0 0 0 0 0 
0 0 0 0 0 0 * 0 0 0 
0 * 0 * 0 * 0 0 0 * 
* * 0 0 * * 0 * 0 0 
* * * 0 0 0 0 * 0 * 
0 * 0 0 0 0 0 0 0 0 
* * 0 * 0 0 0 0 * 0 
* 0 0 * 0 0 0 * 0 0 
0 0 0 0 0 * * 0 0 0 
0 0 0 * 0 0 * 0 * * 


0 0 0 0 0 0 0 0 0 0 
0 0 0 0 0 0 * 0 0 0 
0 * 0 * 0 * 0 0 0 * 
* * 0 0 * * 0 * 0 0 
* * * 0 0 0 0 * 0 * 
0 * 0 0 0 0 0 0 0 0 
* * 0 * 0 0 0 0 * 0 
* 0 0 * 0 0 0 * 0 0 
0 0 0 0 0 * * 0 0 0 
0 0 0 * 0 0 * 0 * * 


0 0 0 0 0 0 0 0 0 0 
0 0 0 0 0 0 * 0 0 0 
0 * 0 * 0 * 0 0 0 * 
* * 0 0 * * 0 * 0 0 
* * * 0 0 0 0 * 0 * 
0 * 0 0 0 0 0 0 0 0 
* * 0 * 0 0 0 0 * 0 
* 0 0 * 0 0 0 * 0 0 
0 0 0 0 0 * * 0 0 0 
0 0 0 * 0 0 * 0 * * 


0 0 0 0 0 0 0 0 0 0 
0 0 0 0 0 0 * 0 0 0 
0 * 0 * 0 * 0 0 0 * 
* * 0 0 * * 0 * 0 0 
* * * 0 0 0 0 * 0 * 
0 * 0 0 0 0 0 0 0 0 
* * 0 * 0 0 0 0 * 0 
* 0 0 * 0 0 0 * 0 0 
0 0 0 0 0 * * 0 0 0 
0 0 0 * 0 0 * 0 * * 


0 0 0 0 0 0 0 0 0 0 
0 0 0 0 0 0 * 0 0 0 
0 * 0 * 0 * 0 0 0 * 
* * 0 0 * * 0 * 0 0 
* * * 0 0 0 0 * 0 * 
0 * 0 0 0 0 0 0 0 0 
* * 0 * 0 0 0 0 * 0 
* 0 0 * 0 0 0 * 0 0 
0 0 0 0 0 * * 0 0 0 
0 0 0 * 0 0 * 0 * * 


0 0 0 0 0 0 0 0 0 0 
0 0 0 0 0 0 * 0 0 0 
0 * 0 * 0 * 0 0 0 * 
* * 0 0 * * 0 * 0 0 
* * * 0 0 0 0 * 0 * 
0 * 0 0 0 0 0 0 0 0 
* * 0 * 0 0 0 0 * 0 
* 0 0 * 0 0 0 * 0 0 
0 0 0 0 0 * * 0 0 0 
0 0 0 * 0 0 * 0 * * 


0 0 0 0 0 0 0 0 0 0 
0 0 0 0 0 0 * 0 0 0 
0 * 0 * 0 * 0 0 0 * 
* * 0 0 * * 0 * 0 0 
* * * 0 0 0 0 * 0 * 
0 * 0 0 0 0 0 0 0 0 
* * 0 * 0 0 0 0 * 0 
* 0 0 * 0 0 0 * 0 0 
0 0 0 0 0 * * 0 0 0 
0 0 0 * 0 0 * 0 * * 


0 0 0 0 0 0 0 0 0 0 
0 0 0 0 0 0 * 0 0 0 
0 * 0 * 0 * 0 0 0 * 
* * 0 0 * * 0 * 0 0 
* * * 0 0 0 0 * 0 * 
0 * 0 0 0 0 0 0 0 0 
* * 0 * 0 0 0 0 * 0 
* 0 0 * 0 0 0 * 0 0 
0 0 0 0 0 * * 0 0 0 
0 0 0 * 0 0 * 0 * * 


0 0 0 0 0 0 0 0 0 0 
0 0 0 0 0 0 * 0 0 0 
0 * 0 * 0 * 0 0 0 * 
* * 0 0 * * 0 * 0 0 
* * * 0 0 0 0 * 0 * 
0 * 0 0 0 0 0 0 0 0 
* * 0 * 0 0 0 0 * 0 
* 0 0 * 0 0 0 * 0 0 
0 0 0 0 0 * * 0 0 0 
0 0 0 * 0 0 * 0 * * 


0 0 0 0 0 0 0 0 0 0 
0 0 0 0 0 0 * 0 0 0 
0 * 0 * 0 * 0 0 0 * 
* * 0 0 * * 0 * 0 0 
* * * 0 0 0 0 * 0 * 
0 * 0 0 0 0 0 0 0 0 
* * 0 * 0 0 0 0 * 0 
* 0 0 * 0 0 0 * 0 0 
0 0 0 0 0 * * 0 0 0 
0 0 0 * 0 0 * 0 * * 


0 0 0 0 0 0 0 0 0 0 
0 0 0 0 0 0 * 0 0 0 
0 * 0 * 0 * 0 0 0 * 
* * 0 0 * * 0 * 0 0 
* * * 0 0 0 0 * 0 * 
0 * 0 0 0 0 0 0 0 0 
* * 0 * 0 0 0 0 * 0 
* 0 0 * 0 0 0 * 0 0 
0 0 0 0 0 * * 0 0 0 
0 0 0 * 0 0 * 0 * * 


0 0 0 0 0 0 0 0 0 0 
0 0 0 0 0 0 * 0 0 0 
0 * 0 * 0 * 0 0 0 * 
* * 0 0 * * 0 * 0 0 
* * * 0 0 0 0 * 0 * 
0 * 0 0 0 0 0 0 0 0 
* * 0 * 0 0 0 0 * 0 
* 0 0 * 0 0 0 * 0 0 
0 0 0 0 0 * * 0 0 0 
0 0 0 * 0 0 * 0 * * 


0 0 0 0 0 0 0 0 0 0 
0 0 0 0 0 0 * 0 0 0 
0 * 0 * 0 * 0 0 0 * 
* * 0 0 * * 0 * 0 0 
* * * 0 0 0 0 * 0 * 
0 * 0 0 0 0 0 0 0 0 
* * 0 * 0 0 0 0 * 0 
* 0 0 * 0 0 0 * 0 0 
0 0 0 0 0 * * 0 0 0 
0 0 0 * 0 0 * 0 * * 


0 0 0 0 0 0 0 0 0 0 
0 0 0 0 0 0 * 0 0 0 
0 * 0 * 0 * 0 0 0 * 
* * 0 0 * * 0 * 0 0 
* * * 0 0 0 0 * 0 * 
0 * 0 0 0 0 0 0 0 0 
* * 0 * 0 0 0 0 * 0 
* 0 0 * 0 0 0 * 0 0 
0 0 0 0 0 * * 0 0 0 
0 0 0 * 0 0 * 0 * * 


0 0 0 0 0 0 0 0 0 0 
0 0 0 0 0 0 * 0 0 0 
0 * 0 * 0 * 0 0 0 * 
* * 0 0 * * 0 * 0 0 
* * * 0 0 0 0 * 0 * 
0 * 0 0 0 0 0 0 0 0 
* * 0 * 0 0 0 0 * 0 
* 0 0 * 0 0 0 * 0 0 
0 0 0 0 0 * * 0 0 0 
0 0 0 * 0 0 * 0 * * 


0 0 0 0 0 0 0 0 0 0 
0 0 0 0 0 0 * 0 0 0 
0 * 0 * 0 * 0 0 0 * 
* * 0 0 * * 0 * 0 0 
* * * 0 0 0 0 * 0 * 
0 * 0 0 0 0 0 0 0 0 
* * 0 * 0 0 0 0 * 0 
* 0 0 * 0 0 0 * 0 0 
0 0 0 0 0 * * 0 0 0 
0 0 0 * 0 0 * 0 * * 


0 0 0 0 0 0 0 0 0 0 
0 0 0 0 0 0 * 0 0 0 
0 * 0 * 0 * 0 0 0 * 
* * 0 0 * * 0 * 0 0 
* * * 0 0 0 0 * 0 * 
0 * 0 0 0 0 0 0 0 0 
* * 0 * 0 0 0 0 * 0 
* 0 0 * 0 0 0 * 0 0 
0 0 0 0 0 * * 0 0 0 
0 0 0 * 0 0 * 0 * * 


0 0 0 0 0 0 0 0 0 0 
0 0 0 0 0 0 * 0 0 0 
0 * 0 * 0 * 0 0 0 * 
* * 0 0 * * 0 * 0 0 
* * * 0 0 0 0 * 0 * 
0 * 0 0 0 0 0 0 0 0 
* * 0 * 0 0 0 0 * 0 
* 0 0 * 0 0 0 * 0 0 
0 0 0 0 0 * * 0 0 0 
0 0 0 * 0 0 * 0 * * 


0 0 0 0 0 0 0 0 0 0 
0 0 0 0 0 0 * 0 0 0 
0 * 0 * 0 * 0 0 0 * 
* * 0 0 * * 0 * 0 0 
* * * 0 0 0 0 * 0 * 
0 * 0 0 0 0 0 0 0 0 
* * 0 * 0 0 0 0 * 0 
* 0 0 * 0 0 0 * 0 0 
0 0 0 0 0 * * 0 0 0 
0 0 0 * 0 0 * 0 * * 


0 0 0 0 0 0 0 0 0 0 
0 0 0 0 0 0 * 0 0 0 
0 * 0 * 0 * 0 0 0 * 
* * 0 0 * * 0 * 0 0 
* * * 0 0 0 0 * 0 * 
0 * 0 0 0 0 0 0 0 0 
* * 0 * 0 0 0 0 * 0 
* 0 0 * 0 0 0 * 0 0 
0 0 0 0 0 * * 0 0 0 
0 0 0 * 0 0 * 0 * * 


0 0 0 0 0 0 0 0 0 0 
0 0 0 0 0 0 * 0 0 0 
0 * 0 * 0 * 0 0 0 * 
* * 0 0 * * 0 * 0 0 
* * * 0 0 0 0 * 0 * 
0 * 0 0 0 0 0 0 0 0 
* * 0 * 0 0 0 0 * 0 
* 0 0 * 0 0 0 * 0 0 
0 0 0 0 0 * * 0 0 0 
0 0 0 * 0 0 * 0 * * 


0 0 0 0 0 0 0 0 0 0 
0 0 0 0 0 0 * 0 0 0 
0 * 0 * 0 * 0 0 0 * 
* * 0 0 * * 0 * 0 0 
* * * 0 0 0 0 * 0 * 
0 * 0 0 0 0 0 0 0 0 
* * 0 * 0 0 0 0 * 0 
* 0 0 * 0 0 0 * 0 0 
0 0 0 0 0 * * 0 0 0 
0 0 0 * 0 0 * 0 * * 


0 0 0 0 0 0 0 0 0 0 
0 0 0 0 0 0 * 0 0 0 
0 * 0 * 0 * 0 0 0 * 
* * 0 0 * * 0 * 0 0 
* * * 0 0 0 0 * 0 * 
0 * 0 0 0 0 0 0 0 0 
* * 0 * 0 0 0 0 * 0 
* 0 0 * 0 0 0 * 0 0 
0 0 0 0 0 * * 0 0 0 
0 0 0 * 0 0 * 0 * * 


0 0 0 0 0 0 0 0 0 0 
0 0 0 0 0 0 * 0 0 0 
0 * 0 * 0 * 0 0 0 * 
* * 0 0 * * 0 * 0 0 
* * * 0 0 0 0 * 0 * 
0 * 0 0 0 0 0 0 0 0 
* * 0 * 0 0 0 0 * 0 
* 0 0 * 0 0 0 * 0 0 
0 0 0 0 0 * * 0 0 0 
0 0 0 * 0 0 * 0 * * 


0 0 0 0 0 0 0 0 0 0 
0 0 0 0 0 0 * 0 0 0 
0 * 0 * 0 * 0 0 0 * 
* * 0 0 * * 0 * 0 0 
* * * 0 0 0 0 * 0 * 
0 * 0 0 0 0 0 0 0 0 
* * 0 * 0 0 0 0 * 0 
* 0 0 * 0 0 0 * 0 0 
0 0 0 0 0 * * 0 0 0 
0 0 0 * 0 0 * 0 * * 


0 0 0 0 0 0 0 0 0 0 
0 0 0 0 0 0 * 0 0 0 
0 * 0 * 0 * 0 0 0 * 
* * 0 0 * * 0 * 0 0 
* * * 0 0 0 0 * 0 * 
0 * 0 0 0 0 0 0 0 0 
* * 0 * 0 0 0 0 * 0 
* 0 0 * 0 0 0 * 0 0 
0 0 0 0 0 * * 0 0 0 
0 0 0 * 0 0 * 0 * * 


0 0 0 0 0 0 0 0 0 0 
0 0 0 0 0 0 * 0 0 0 
0 * 0 * 0 * 0 0 0 * 
* * 0 0 * * 0 * 0 0 
* * * 0 0 0 0 * 0 * 
0 * 0 0 0 0 0 0 0 0 
* * 0 * 0 0 0 0 * 0 
* 0 0 * 0 0 0 * 0 0 
0 0 0 0 0 * * 0 0 0 
0 0 0 * 0 0 * 0 * * 


0 0 0 0 0 0 0 0 0 0 
0 0 0 0 0 0 * 0 0 0 
0 * 0 * 0 * 0 0 0 * 
* * 0 0 * * 0 * 0 0 
* * * 0 0 0 0 * 0 * 
0 * 0 0 0 0 0 0 0 0 
* * 0 * 0 0 0 0 * 0 
* 0 0 * 0 0 0 * 0 0 
0 0 0 0 0 * * 0 0 0 
0 0 0 * 0 0 * 0 * * 


0 0 0 0 0 0 0 0 0 0 
0 0 0 0 0 0 * 0 0 0 
0 * 0 * 0 * 0 0 0 * 
* * 0 0 * * 0 * 0 0 
* * * 0 0 0 0 * 0 * 
0 * 0 0 0 0 0 0 0 0 
* * 0 * 0 0 0 0 * 0 
* 0 0 * 0 0 0 * 0 0 
0 0 0 0 0 * * 0 0 0 
0 0 0 * 0 0 * 0 * * 


0 0 0 0 0 0 0 0 0 0 
0 0 0 0 0 0 * 0 0 0 
0 * 0 * 0 * 0 0 0 * 
* * 0 0 * * 0 * 0 0 
* * * 0 0 0 0 * 0 * 
0 * 0 0 0 0 0 0 0 0 
* * 0 * 0 0 0 0 * 0 
* 0 0 * 0 0 0 * 0 0 
0 0 0 0 0 * * 0 0 0 
0 0 0 * 0 0 * 0 * * 


0 0 0 0 0 0 0 0 0 0 
0 0 0 0 0 0 * 0 0 0 
0 * 0 * 0 * 0 0 0 * 
* * 0 0 * * 0 * 0 0 
* * * 0 0 0 0 * 0 * 
0 * 0 0 0 0 0 0 0 0 
* * 0 * 0 0 0 0 * 0 
* 0 0 * 0 0 0 * 0 0 
0 0 0 0 0 * * 0 0 0 
0 0 0 * 0 0 * 0 * * 


0 0 0 0 0 0 0 0 0 0 
0 0 0 0 0 0 * 0 0 0 
0 * 0 * 0 * 0 0 0 * 
* * 0 0 * * 0 * 0 0 
* * * 0 0 0 0 * 0 * 
0 * 0 0 0 0 0 0 0 0 
* * 0 * 0 0 0 0 * 0 
* 0 0 * 0 0 0 * 0 0 
0 0 0 0 0 * * 0 0 0 
0 0 0 * 0 0 * 0 * * 


0 0 0 0 0 0 0 0 0 0 
0 0 0 0 0 0 * 0 0 0 
0 * 0 * 0 * 0 0 0 * 
* * 0 0 * * 0 * 0 0 
* * * 0 0 0 0 * 0 * 
0 * 0 0 0 0 0 0 0 0 
* * 0 * 0 0 0 0 * 0 
* 0 0 * 0 0 0 * 0 0 
0 0 0 0 0 * * 0 0 0 
0 0 0 * 0 0 * 0 * * 


0 0 0 0 0 0 0 0 0 0 
0 0 0 0 0 0 * 0 0 0 
0 * 0 * 0 * 0 0 0 * 
* * 0 0 * * 0 * 0 0 
* * * 0 0 0 0 * 0 * 
0 * 0 0 0 0 0 0 0 0 
* * 0 * 0 0 0 0 * 0 
* 0 0 * 0 0 0 * 0 0 
0 0 0 0 0 * * 0 0 0 
0 0 0 * 0 0 * 0 * * 


0 0 0 0 0 0 0 0 0 0 
0 0 0 0 0 0 * 0 0 0 
0 * 0 * 0 * 0 0 0 * 
* * 0 0 * * 0 * 0 0 
* * * 0 0 0 0 * 0 * 
0 * 0 0 0 0 0 0 0 0 
* * 0 * 0 0 0 0 * 0 
* 0 0 * 0 0 0 * 0 0 
0 0 0 0 0 * * 0 0 0 
0 0 0 * 0 0 * 0 * * 


0 0 0 0 0 0 0 0 0 0 
0 0 0 0 0 0 * 0 0 0 
0 * 0 * 0 * 0 0 0 * 
* * 0 0 * * 0 * 0 0 
* * * 0 0 0 0 * 0 * 
0 * 0 0 0 0 0 0 0 0 
* * 0 * 0 0 0 0 * 0 
* 0 0 * 0 0 0 * 0 0 
0 0 0 0 0 * * 0 0 0 
0 0 0 * 0 0 * 0 * * 


0 0 0 0 0 0 0 0 0 0 
0 0 0 0 0 0 * 0 0 0 
0 * 0 * 0 * 0 0 0 * 
* * 0 0 * * 0 * 0 0 
* * * 0 0 0 0 * 0 * 
0 * 0 0 0 0 0 0 0 0 
* * 0 * 0 0 0 0 * 0 
* 0 0 * 0 0 0 * 0 0 
0 0 0 0 0 * * 0 0 0 
0 0 0 * 0 0 * 0 * * 


0 0 0 0 0 0 0 0 0 0 
0 0 0 0 0 0 * 0 0 0 
0 * 0 * 0 * 0 0 0 * 
* * 0 0 * * 0 * 0 0 
* * * 0 0 0 0 * 0 * 
0 * 0 0 0 0 0 0 0 0 
* * 0 * 0 0 0 0 * 0 
* 0 0 * 0 0 0 * 0 0 
0 0 0 0 0 * * 0 0 0 
0 0 0 * 0 0 * 0 * * 


0 0 0 0 0 0 0 0 0 0 
0 0 0 0 0 0 * 0 0 0 
0 * 0 * 0 * 0 0 0 * 
* * 0 0 * * 0 * 0 0 
* * * 0 0 0 0 * 0 * 
0 * 0 0 0 0 0 0 0 0 
* * 0 * 0 0 0 0 * 0 
* 0 0 * 0 0 0 * 0 0 
0 0 0 0 0 * * 0 0 0 
0 0 0 * 0 0 * 0 * * 


0 0 0 0 0 0 0 0 0 0 
0 0 0 0 0 0 * 0 0 0 
0 * 0 * 0 * 0 0 0 * 
* * 0 0 * * 0 * 0 0 
* * * 0 0 0 0 * 0 * 
0 * 0 0 0 0 0 0 0 0 
* * 0 * 0 0 0 0 * 0 
* 0 0 * 0 0 0 * 0 0 
0 0 0 0 0 * * 0 0 0 
0 0 0 * 0 0 * 0 * * 


0 0 0 0 0 0 0 0 0 0 
0 0 0 0 0 0 * 0 0 0 
0 * 0 * 0 * 0 0 0 * 
* * 0 0 * * 0 * 0 0 
* * * 0 0 0 0 * 0 * 
0 * 0 0 0 0 0 0 0 0 
* * 0 * 0 0 0 0 * 0 
* 0 0 * 0 0 0 * 0 0 
0 0 0 0 0 * * 0 0 0 
0 0 0 * 0 0 * 0 * * 


0 0 0 0 0 0 0 0 0 0 
0 0 0 0 0 0 * 0 0 0 
0 * 0 * 0 * 0 0 0 * 
* * 0 0 * * 0 * 0 0 
* * * 0 0 0 0 * 0 * 
0 * 0 0 0 0 0 0 0 0 
* * 0 * 0 0 0 0 * 0 
* 0 0 * 0 0 0 * 0 0 
0 0 0 0 0 * * 0 0 0 
0 0 0 * 0 0 * 0 * * 


0 0 0 0 0 0 0 0 0 0 
0 0 0 0 0 0 * 0 0 0 
0 * 0 * 0 * 0 0 0 * 
* * 0 0 * * 0 * 0 0 
* * * 0 0 0 0 * 0 * 
0 * 0 0 0 0 0 0 0 0 
* * 0 * 0 0 0 0 * 0 
* 0 0 * 0 0 0 * 0 0 
0 0 0 0 0 * * 0 0 0 
0 0 0 * 0 0 * 0 * * 


0 0 0 0 0 0 0 0 0 0 
0 0 0 0 0 0 * 0 0 0 
0 * 0 * 0 * 0 0 0 * 
* * 0 0 * * 0 * 0 0 
* * * 0 0 0 0 * 0 * 
0 * 0 0 0 0 0 0 0 0 
* * 0 * 0 0 0 0 * 0 
* 0 0 * 0 0 0 * 0 0 
0 0 0 0 0 * * 0 0 0 
0 0 0 * 0 0 * 0 * * 


0 0 0 0 0 0 0 0 0 0 
0 0 0 0 0 0 * 0 0 0 
0 * 0 * 0 * 0 0 0 * 
* * 0 0 * * 0 * 0 0 
* * * 0 0 0 0 * 0 * 
0 * 0 0 0 0 0 0 0 0 
* * 0 * 0 0 0 0 * 0 
* 0 0 * 0 0 0 * 0 0 
0 0 0 0 0 * * 0 0 0 
0 0 0 * 0 0 * 0 * * 


0 0 0 0 0 0 0 0 0 0 
0 0 0 0 0 0 * 0 0 0 
0 * 0 * 0 * 0 0 0 * 
* * 0 0 * * 0 * 0 0 
* * * 0 0 0 0 * 0 * 
0 * 0 0 0 0 0 0 0 0 
* * 0 * 0 0 0 0 * 0 
* 0 0 * 0 0 0 * 0 0 
0 0 0 0 0 * * 0 0 0 
0 0 0 * 0 0 * 0 * * 


0 0 0 0 0 0 0 0 0 0 
0 0 0 0 0 0 * 0 0 0 
0 * 0 * 0 * 0 0 0 * 
* * 0 0 * * 0 * 0 0 
* * * 0 0 0 0 * 0 * 
0 * 0 0 0 0 0 0 0 0 
* * 0 * 0 0 0 0 * 0 
* 0 0 * 0 0 0 * 0 0 
0 0 0 0 0 * * 0 0 0 
0 0 0 * 0 0 * 0 * * 


0 0 0 0 0 0 0 0 0 0 
0 0 0 0 0 0 * 0 0 0 
0 * 0 * 0 * 0 0 0 * 
* * 0 0 * * 0 * 0 0 
* * * 0 0 0 0 * 0 * 
0 * 0 0 0 0 0 0 0 0 
* * 0 * 0 0 0 0 * 0 
* 0 0 * 0 0 0 * 0 0 
0 0 0 0 0 * * 0 0 0 
0 0 0 * 0 0 * 0 * * 


0 0 0 0 0 0 0 0 0 0 
0 0 0 0 0 0 * 0 0 0 
0 * 0 * 0 * 0 0 0 * 
* * 0 0 * * 0 * 0 0 
* * * 0 0 0 0 * 0 * 
0 * 0 0 0 0 0 0 0 0 
* * 0 * 0 0 0 0 * 0 
* 0 0 * 0 0 0 * 0 0 
0 0 0 0 0 * * 0 0 0 
0 0 0 * 0 0 * 0 * * 


0 0 0 0 0 0 0 0 0 0 
0 0 0 0 0 0 * 0 0 0 
0 * 0 * 0 * 0 0 0 * 
* * 0 0 * * 0 * 0 0 
* * * 0 0 0 0 * 0 * 
0 * 0 0 0 0 0 0 0 0 
* * 0 * 0 0 0 0 * 0 
* 0 0 * 0 0 0 * 0 0 
0 0 0 0 0 * * 0 0 0 
0 0 0 * 0 0 * 0 * * 


0 0 0 0 0 0 0 0 0 0 
0 0 0 0 0 0 * 0 0 0 
0 * 0 * 0 * 0 0 0 * 
* * 0 0 * * 0 * 0 0 
* * * 0 0 0 0 * 0 * 
0 * 0 0 0 0 0 0 0 0 
* * 0 * 0 0 0 0 * 0 
* 0 0 * 0 0 0 * 0 0 
0 0 0 0 0 * * 0 0 0 
0 0 0 * 0 0 * 0 * * 


0 0 0 0 0 0 0 0 0 0 
0 0 0 0 0 0 * 0 0 0 
0 * 0 * 0 * 0 0 0 * 
* * 0 0 * * 0 * 0 0 
* * * 0 0 0 0 * 0 * 
0 * 0 0 0 0 0 0 0 0 
* * 0 * 0 0 0 0 * 0 
* 0 0 * 0 0 0 * 0 0 
0 0 0 0 0 * * 0 0 0 
0 0 0 * 0 0 * 0 * * 


0 0 0 0 0 0 0 0 0 0 
0 0 0 0 0 0 * 0 0 0 
0 * 0 * 0 * 0 0 0 * 
* * 0 0 * * 0 * 0 0 
* * * 0 0 0 0 * 0 * 
0 * 0 0 0 0 0 0 0 0 
* * 0 * 0 0 0 0 * 0 
* 0 0 * 0 0 0 * 0 0 
0 0 0 0 0 * * 0 0 0 
0 0 0 * 0 0 * 0 * * 


0 0 0 0 0 0 0 0 0 0 
0 0 0 0 0 0 * 0 0 0 
0 * 0 * 0 * 0 0 0 * 
* * 0 0 * * 0 * 0 0 
* * * 0 0 0 0 * 0 * 
0 * 0 0 0 0 0 0 0 0 
* * 0 * 0 0 0 0 * 0 
* 0 0 * 0 0 0 * 0 0 
0 0 0 0 0 * * 0 0 0 
0 0 0 * 0 0 * 0 * * 


0 0 0 0 0 0 0 0 0 0 
0 0 0 0 0 0 * 0 0 0 
0 * 0 * 0 * 0 0 0 * 
* * 0 0 * * 0 * 0 0 
* * * 0 0 0 0 * 0 * 
0 * 0 0 0 0 0 0 0 0 
* * 0 * 0 0 0 0 * 0 
* 0 0 * 0 0 0 * 0 0 
0 0 0 0 0 * * 0 0 0 
0 0 0 * 0 0 * 0 * * 


0 0 0 0 0 0 0 0 0 0 
0 0 0 0 0 0 * 0 0 0 
0 * 0 * 0 * 0 0 0 * 
* * 0 0 * * 0 * 0 0 
* * * 0 0 0 0 * 0 * 
0 * 0 0 0 0 0 0 0 0 
* * 0 * 0 0 0 0 * 0 
* 0 0 * 0 0 0 * 0 0 
0 0 0 0 0 * * 0 0 0 
0 0 0 * 0 0 * 0 * * 


0 0 0 0 0 0 0 0 0 0 
0 0 0 0 0 0 * 0 0 0 
0 * 0 * 0 * 0 0 0 * 
* * 0 0 * * 0 * 0 0 
* * * 0 0 0 0 * 0 * 
0 * 0 0 0 0 0 0 0 0 
* * 0 * 0 0 0 0 * 0 
* 0 0 * 0 0 0 * 0 0 
0 0 0 0 0 * * 0 0 0 
0 0 0 * 0 0 * 0 * * 


0 0 0 0 0 0 0 0 0 0 
0 0 0 0 0 0 * 0 0 0 
0 * 0 * 0 * 0 0 0 * 
* * 0 0 * * 0 * 0 0 
* * * 0 0 0 0 * 0 * 
0 * 0 0 0 0 0 0 0 0 
* * 0 * 0 0 0 0 * 0 
* 0 0 * 0 0 0 * 0 0 
0 0 0 0 0 * * 0 0 0 
0 0 0 * 0 0 * 0 * * 


0 0 0 0 0 0 0 0 0 0 
0 0 0 0 0 0 * 0 0 0 
0 * 0 * 0 * 0 0 0 * 
* * 0 0 * * 0 * 0 0 
* * * 0 0 0 0 * 0 * 
0 * 0 0 0 0 0 0 0 0 
* * 0 * 0 0 0 0 * 0 
* 0 0 * 0 0 0 * 0 0 
0 0 0 0 0 * * 0 0 0 
0 0 0 * 0 0 * 0 * * 


0 0 0 0 0 0 0 0 0 0 
0 0 0 0 0 0 * 0 0 0 
0 * 0 * 0 * 0 0 0 * 
* * 0 0 * * 0 * 0 0 
* * * 0 0 0 0 * 0 * 
0 * 0 0 0 0 0 0 0 0 
* * 0 * 0 0 0 0 * 0 
* 0 0 * 0 0 0 * 0 0 
0 0 0 0 0 * * 0 0 0 
0 0 0 * 0 0 * 0 * * 


0 0 0 0 0 0 0 0 0 0 
0 0 0 0 0 0 * 0 0 0 
0 * 0 * 0 * 0 0 0 * 
* * 0 0 * * 0 * 0 0 
* * * 0 0 0 0 * 0 * 
0 * 0 0 0 0 0 0 0 0 
* * 0 * 0 0 0 0 * 0 
* 0 0 * 0 0 0 * 0 0 
0 0 0 0 0 * * 0 0 0 
0 0 0 * 0 0 * 0 * * 


0 0 0 0 0 0 0 0 0 0 
0 0 0 0 0 0 * 0 0 0 
0 * 0 * 0 * 0 0 0 * 
* * 0 0 * * 0 * 0 0 
* * * 0 0 0 0 * 0 * 
0 * 0 0 0 0 0 0 0 0 
* * 0 * 0 0 0 0 * 0 
* 0 0 * 0 0 0 * 0 0 
0 0 0 0 0 * * 0 0 0 
0 0 0 * 0 0 * 0 * * 


0 0 0 0 0 0 0 0 0 0 
0 0 0 0 0 0 * 0 0 0 
0 * 0 * 0 * 0 0 0 * 
* * 0 0 * * 0 * 0 0 
* * * 0 0 0 0 * 0 * 
0 * 0 0 0 0 0 0 0 0 
* * 0 * 0 0 0 0 * 0 
* 0 0 * 0 0 0 * 0 0 
0 0 0 0 0 * * 0 0 0 
0 0 0 * 0 0 * 0 * * 


0 0 0 0 0 0 0 0 0 0 
0 0 0 0 0 0 * 0 0 0 
0 * 0 * 0 * 0 0 0 * 
* * 0 0 * * 0 * 0 0 
* * * 0 0 0 0 * 0 * 
0 * 0 0 0 0 0 0 0 0 
* * 0 * 0 0 0 0 * 0 
* 0 0 * 0 0 0 * 0 0 
0 0 0 0 0 * * 0 0 0 
0 0 0 * 0 0 * 0 * * 


0 0 0 0 0 0 0 0 0 0 
0 0 0 0 0 0 * 0 0 0 
0 * 0 * 0 * 0 0 0 * 
* * 0 0 * * 0 * 0 0 
* * * 0 0 0 0 * 0 * 
0 * 0 0 0 0 0 0 0 0 
* * 0 * 0 0 0 0 * 0 
* 0 0 * 0 0 0 * 0 0 
0 0 0 0 0 * * 0 0 0 
0 0 0 * 0 0 * 0 * * 


0 0 0 0 0 0 0 0 0 0 
0 0 0 0 0 0 * 0 0 0 
0 * 0 * 0 * 0 0 0 * 
* * 0 0 * * 0 * 0 0 
* * * 0 0 0 0 * 0 * 
0 * 0 0 0 0 0 0 0 0 
* * 0 * 0 0 0 0 * 0 
* 0 0 * 0 0 0 * 0 0 
0 0 0 0 0 * * 0 0 0 
0 0 0 * 0 0 * 0 * * 

 100 29 71 88